 epoch  train_loss  val_loss  train_acc  val_acc
     1    0.497167  0.191488   0.845412 0.942444
     2    0.216488  0.133949   0.935647 0.960222
     3    0.163522  0.110646   0.950941 0.966222
     4    0.135806  0.100692   0.960275 0.971111
     5    0.120344  0.089148   0.964549 0.974222
     6    0.104408  0.091636   0.967726 0.974000
     7    0.095630  0.089990   0.971137 0.974889
     8    0.087313  0.079378   0.972765 0.975333
     9    0.080629  0.086550   0.974882 0.976667
    10    0.075062  0.083854   0.976098 0.977111
    11    0.069118  0.084829   0.978451 0.978333
    12    0.064173  0.085069   0.979961 0.976667