              precision    recall  f1-score   support

           0     0.9522    0.9969    0.9741       980
           1     0.9955    0.9824    0.9889      1135
           2     0.9706    0.9913    0.9808      1032
           3     0.9812    0.9792    0.9802      1010
           4     1.0000    0.8859    0.9395       982
           5     0.9515    0.9899    0.9703       892
           6     0.9643    0.9875    0.9758       958
           7     0.9872    0.9728    0.9799      1028
           8     0.9906    0.9733    0.9819       974
           9     0.9281    0.9594    0.9435      1009

    accuracy                         0.9719     10000
   macro avg     0.9721    0.9719    0.9715     10000
weighted avg     0.9726    0.9719    0.9718     10000
