              precision    recall  f1-score   support

           0     0.9878    0.9939    0.9908       980
           1     0.9938    0.9930    0.9934      1135
           2     0.9855    0.9855    0.9855      1032
           3     0.9823    0.9911    0.9867      1010
           4     0.9808    0.9878    0.9843       982
           5     0.9921    0.9809    0.9865       892
           6     0.9895    0.9802    0.9848       958
           7     0.9863    0.9796    0.9829      1028
           8     0.9786    0.9877    0.9831       974
           9     0.9851    0.9812    0.9831      1009

    accuracy                         0.9862     10000
   macro avg     0.9862    0.9861    0.9861     10000
weighted avg     0.9862    0.9862    0.9862     10000
