 epoch     loss  val_loss  accuracy  val_accuracy
     1 0.256149  0.142657  0.929926      0.962333
     2 0.151203  0.129154  0.959759      0.968667
     3 0.129474  0.119462  0.968518      0.971167
     4 0.120243  0.130471  0.973167      0.977000
     5 0.117227  0.155696  0.976426      0.968000
     6 0.091758  0.105167  0.984444      0.982667
     7 0.076398  0.104524  0.989685      0.983333
     8 0.071892  0.105062  0.991222      0.983500
     9 0.073519  0.115372  0.990185      0.980833
    10 0.066071  0.097261  0.992537      0.986333
    11 0.058709  0.092561  0.994333      0.988167
    12 0.053817  0.097524  0.995963      0.985333
    13 0.051723  0.097788  0.996315      0.985833
    14 0.047673  0.093519  0.997204      0.987333
    15 0.044617  0.095247  0.997944      0.987000