              precision    recall  f1-score   support

           0     0.9818    0.9918    0.9868       980
           1     0.9894    0.9894    0.9894      1135
           2     0.9778    0.9816    0.9797      1032
           3     0.9802    0.9782    0.9792      1010
           4     0.9857    0.9827    0.9842       982
           5     0.9887    0.9843    0.9865       892
           6     0.9853    0.9812    0.9833       958
           7     0.9795    0.9767    0.9781      1028
           8     0.9766    0.9846    0.9806       974
           9     0.9801    0.9742    0.9771      1009

    accuracy                         0.9825     10000
   macro avg     0.9825    0.9825    0.9825     10000
weighted avg     0.9825    0.9825    0.9825     10000
