 epoch     loss  val_loss  accuracy  val_accuracy
     1 0.687482  0.517039  0.909889      0.963833
     2 0.547180  0.483666  0.954870      0.971500
     3 0.524605  0.479710  0.963000      0.971333
     4 0.511964  0.472675  0.967611      0.973500
     5 0.503029  0.468540  0.971111      0.977667
     6 0.499074  0.466385  0.971741      0.976833
     7 0.496412  0.464736  0.974093      0.977667
     8 0.491708  0.468091  0.975482      0.976333
     9 0.489497  0.463530  0.976167      0.980667
    10 0.488935  0.465460  0.976981      0.979000
    11 0.488414  0.462988  0.977574      0.978500
    12 0.487999  0.462947  0.977352      0.979500
    13 0.488517  0.458636  0.977907      0.979167
    14 0.489036  0.464750  0.978019      0.978500
    15 0.485637  0.460848  0.979333      0.980333
    16 0.470998  0.444367  0.982926      0.982667
    17 0.463450  0.442482  0.984907      0.981667
    18 0.460472  0.439805  0.984778      0.983667
    19 0.456106  0.436497  0.986315      0.983500
    20 0.454154  0.435480  0.986111      0.982333