 epoch  train_loss  val_loss  train_acc  val_acc
     1    0.499992  0.349276   0.910000 0.943667
     2    0.271991  0.280114   0.963196 0.956000
     3    0.217669  0.230815   0.972667 0.966222
     4    0.186458  0.207607   0.977353 0.968556
     5    0.165647  0.196202   0.981314 0.968556
     6    0.150297  0.188314   0.983647 0.968778
     7    0.140674  0.184664   0.985039 0.968333
     8    0.134012  0.178681   0.986020 0.968556
     9    0.128643  0.172044   0.986726 0.971667
    10    0.123549  0.166830   0.987627 0.971444
    11    0.119586  0.164560   0.988451 0.972000
    12    0.117803  0.171641   0.988000 0.970556