              precision    recall  f1-score   support

           0     0.9949    0.9939    0.9944       980
           1     0.9903    0.9938    0.9921      1135
           2     0.9894    0.9903    0.9898      1032
           3     0.9960    0.9891    0.9925      1010
           4     0.9888    0.9868    0.9878       982
           5     0.9844    0.9922    0.9883       892
           6     0.9937    0.9864    0.9900       958
           7     0.9799    0.9942    0.9870      1028
           8     0.9877    0.9877    0.9877       974
           9     0.9890    0.9792    0.9841      1009

    accuracy                         0.9894     10000
   macro avg     0.9894    0.9894    0.9894     10000
weighted avg     0.9894    0.9894    0.9894     10000

F1 micro=0.9894 | macro=0.9894 | weighted=0.9894
Test acc=0.9894, loss=0.3396
