 epoch  train_loss  val_loss  train_acc  val_acc
     1    1.278708  5.219255   0.666608 0.112333
     2    0.637863  3.569471   0.922216 0.122000
     3    0.546230  0.841307   0.946784 0.806556
     4    0.502376  0.468728   0.957392 0.961333
     5    0.473899  0.432110   0.963510 0.967889
     6    0.449017  0.396091   0.969000 0.979111
     7    0.436067  0.399978   0.970510 0.976556
     8    0.426241  0.383453   0.971765 0.979333
     9    0.412677  0.393436   0.974588 0.974111
    10    0.407417  0.363806   0.974392 0.981778
    11    0.399392  0.372356   0.975804 0.978000
    12    0.392644  0.372976   0.976608 0.978667
    13    0.389457  0.338738   0.978907 0.990000
    14    0.384801  0.348959   0.979278 0.985667
    15    0.379296  0.362764   0.980241 0.982167