 epoch  train_loss  val_loss  train_acc  val_acc
     1    0.693474  0.375142   0.846686 0.940667
     2    0.385914  0.292560   0.933529 0.956444
     3    0.314364  0.252819   0.948902 0.963333
     4    0.282131  0.236378   0.954980 0.964222
     5    0.257509  0.214364   0.958078 0.970778
     6    0.245251  0.216895   0.959667 0.967333
     7    0.232170  0.198895   0.962412 0.972222
     8    0.227178  0.196247   0.963118 0.972111
     9    0.222974  0.190389   0.964784 0.972778
    10    0.218267  0.196322   0.965196 0.970000
    11    0.213624  0.187963   0.965706 0.974333
    12    0.211330  0.187446   0.965333 0.971889