 epoch  train_loss  val_loss  train_acc  val_acc
     1    0.704547  0.364242   0.843510 0.943111
     2    0.385864  0.287005   0.933020 0.957444
     3    0.318609  0.254621   0.946922 0.963667
     4    0.279043  0.234266   0.955000 0.965111
     5    0.263871  0.216808   0.956765 0.969444
     6    0.241911  0.209569   0.961392 0.969222
     7    0.238603  0.203087   0.961314 0.971111
     8    0.229334  0.197190   0.963000 0.971444
     9    0.227298  0.196494   0.962294 0.971889
    10    0.218725  0.190892   0.964706 0.973111
    11    0.215662  0.195340   0.964039 0.970667
    12    0.212532  0.185232   0.965608 0.976111