 epoch  train_loss  val_loss  train_acc  val_acc
     1    0.503147  0.191101   0.845059 0.941889
     2    0.216239  0.141376   0.936059 0.957556
     3    0.166516  0.119650   0.950765 0.964667
     4    0.141045  0.107196   0.957667 0.967222
     5    0.116495  0.101072   0.964431 0.969444
     6    0.107344  0.094592   0.965706 0.974111
     7    0.097016  0.090193   0.970176 0.975111
     8    0.089926  0.094394   0.971451 0.974444
     9    0.082529  0.085652   0.975216 0.976444
    10    0.076311  0.086436   0.976471 0.975333
    11    0.073452  0.082211   0.976471 0.976667
    12    0.069524  0.088261   0.977745 0.975444