 epoch  train_loss  val_loss  train_acc  val_acc
     1    0.503920  0.338442   0.908765 0.945222
     2    0.271890  0.266576   0.962118 0.960000
     3    0.218124  0.235671   0.972216 0.964667
     4    0.187140  0.221388   0.977706 0.964333
     5    0.166811  0.209061   0.980294 0.964889
     6    0.153119  0.201032   0.982412 0.965444
     7    0.142777  0.197912   0.984353 0.964667
     8    0.135175  0.193166   0.985863 0.966667
     9    0.129618  0.193149   0.986490 0.965333
    10    0.125406  0.195064   0.987510 0.964222
    11    0.120947  0.192505   0.988098 0.965000
    12    0.118450  0.181571   0.988000 0.968556