 epoch  train_loss  val_loss  train_acc  val_acc
     1    0.311911  0.176932   0.911157 0.948222
     2    0.116265  0.127084   0.965137 0.961556
     3    0.076456  0.108778   0.977784 0.967111
     4    0.054913  0.100333   0.984294 0.969889
     5    0.041144  0.090650   0.988314 0.971667
     6    0.029393  0.085583   0.991922 0.974333
     7    0.022857  0.093648   0.993353 0.975778
     8    0.020201  0.107848   0.993765 0.974000
     9    0.013089  0.083562   0.996373 0.978778
    10    0.006591  0.082741   0.998824 0.979333
    11    0.003886  0.088174   0.999588 0.978444
    12    0.002882  0.087484   0.999804 0.979222