 epoch  train_loss  val_loss  train_acc  val_acc
     1    0.316009  0.191986   0.909588 0.944000
     2    0.121503  0.128751   0.963275 0.961667
     3    0.080413  0.110252   0.975804 0.968222
     4    0.054888  0.101913   0.983549 0.970333
     5    0.040758  0.095510   0.988333 0.972667
     6    0.031452  0.091048   0.990667 0.973778
     7    0.026073  0.097433   0.992039 0.973333
     8    0.020405  0.099990   0.993745 0.973222
     9    0.016393  0.097228   0.994980 0.976333
    10    0.014466  0.098894   0.996137 0.976444
    11    0.011787  0.106313   0.996196 0.976556
    12    0.011855  0.122639   0.996255 0.974222